-5.00000000e-01  2.65012813e-08 -5.00000000e-01  1.18949453e+06 
-4.99000000e-01  2.56852095e-08 -4.99000000e-01  1.26350296e+06 
-4.98000000e-01  2.49183804e-08 -4.98000000e-01  1.31365955e+06 
-4.97000000e-01  2.41627450e-08 -4.97000000e-01  1.34376366e+06 
-4.96000000e-01  2.34300234e-08 -4.96000000e-01  1.38578618e+06 
-4.95000000e-01  2.27195209e-08 -4.95000000e-01  1.42912283e+06 
-4.94000000e-01  2.20305636e-08 -4.94000000e-01  1.47381475e+06 
-4.93000000e-01  2.13624982e-08 -4.93000000e-01  1.51990446e+06 
-4.92000000e-01  2.07146914e-08 -4.92000000e-01  1.56743555e+06 
-4.91000000e-01  2.00865287e-08 -4.91000000e-01  1.61645292e+06 
-4.90000000e-01  1.94774144e-08 -4.90000000e-01  1.66700326e+06 
-4.89000000e-01  1.88867710e-08 -4.89000000e-01  1.71913465e+06 
-4.88000000e-01  1.83140384e-08 -4.88000000e-01  1.77289625e+06 
-4.87000000e-01  1.77586734e-08 -4.87000000e-01  1.82833905e+06 
-4.86000000e-01  1.72201494e-08 -4.86000000e-01  1.88551578e+06 
-4.85000000e-01  1.66979557e-08 -4.85000000e-01  1.94448068e+06 
-4.84000000e-01  1.61915971e-08 -4.84000000e-01  2.00528974e+06 
-4.83000000e-01  1.57005936e-08 -4.83000000e-01  2.06800028e+06 
-4.82000000e-01  1.52244793e-08 -4.82000000e-01  2.13267202e+06 
-4.81000000e-01  1.47628029e-08 -4.81000000e-01  2.19936638e+06 
-4.80000000e-01  1.43151265e-08 -4.80000000e-01  2.26814637e+06 
-4.79000000e-01  1.38810256e-08 -4.79000000e-01  2.33907733e+06 
-4.78000000e-01  1.34600885e-08 -4.78000000e-01  2.41222663e+06 
-4.77000000e-01  1.30519161e-08 -4.77000000e-01  2.48766355e+06 
-4.76000000e-01  1.26561212e-08 -4.76000000e-01  2.56545961e+06 
-4.75000000e-01  1.22723287e-08 -4.75000000e-01  2.64568873e+06 
-4.74000000e-01  1.19001744e-08 -4.74000000e-01  2.72842674e+06 
-4.73000000e-01  1.15393055e-08 -4.73000000e-01  2.81375228e+06 
-4.72000000e-01  1.11893798e-08 -4.72000000e-01  2.90174601e+06 
-4.71000000e-01  1.08500653e-08 -4.71000000e-01  2.99249166e+06 
-4.70000000e-01  1.05210404e-08 -4.70000000e-01  3.08607561e+06 
-4.69000000e-01  1.02019930e-08 -4.69000000e-01  3.18258602e+06 
-4.68000000e-01  9.89262062e-09 -4.68000000e-01  3.28211477e+06 
-4.67000000e-01  9.59262982e-09 -4.67000000e-01  3.38475607e+06 
-4.66000000e-01  9.30173609e-09 -4.66000000e-01  3.49060690e+06 
-4.65000000e-01  9.01966356e-09 -4.65000000e-01  3.59976879e+06 
-4.64000000e-01  8.74614486e-09 -4.64000000e-01  3.71234416e+06 
-4.63000000e-01  8.48092040e-09 -4.63000000e-01  3.82843954e+06 
-4.62000000e-01  8.22373880e-09 -4.62000000e-01  3.94816637e+06 
-4.61000000e-01  7.97435614e-09 -4.61000000e-01  4.07163722e+06 
-4.60000000e-01  7.73253590e-09 -4.60000000e-01  4.19896955e+06 
-4.59000000e-01  7.49804880e-09 -4.59000000e-01  4.33028400e+06 
-4.58000000e-01  7.27067243e-09 -4.58000000e-01  4.46570537e+06 
-4.57000000e-01  7.05019122e-09 -4.57000000e-01  4.60536143e+06 
-4.56000000e-01  6.83639598e-09 -4.56000000e-01  4.74938425e+06 
-4.55000000e-01  6.62908400e-09 -4.55000000e-01  4.89791235e+06 
-4.54000000e-01  6.42805875e-09 -4.54000000e-01  5.05108521e+06 
-4.53000000e-01  6.23312949e-09 -4.53000000e-01  5.20904811e+06 
-4.52000000e-01  6.04411144e-09 -4.52000000e-01  5.37195070e+06 
-4.51000000e-01  5.86082525e-09 -4.51000000e-01  5.53994755e+06 
-4.50000000e-01  5.68309719e-09 -4.50000000e-01  5.71319896e+06 
-4.49000000e-01  5.51075867e-09 -4.49000000e-01  5.89186898e+06 
-4.48000000e-01  5.34364633e-09 -4.48000000e-01  6.07612581e+06 
-4.47000000e-01  5.18160157e-09 -4.47000000e-01  6.26614463e+06 
-4.46000000e-01  5.02447080e-09 -4.46000000e-01  6.46210746e+06 
-4.45000000e-01  4.87210501e-09 -4.45000000e-01  6.66419712e+06 
-4.44000000e-01  4.72435963e-09 -4.44000000e-01  6.87260714e+06 
-4.43000000e-01  4.58109463e-09 -4.43000000e-01  7.08753375e+06 
-4.42000000e-01  4.44217403e-09 -4.42000000e-01  7.30918361e+06 
-4.41000000e-01  4.30746626e-09 -4.41000000e-01  7.53776806e+06 
-4.40000000e-01  4.17684350e-09 -4.40000000e-01  7.77349713e+06 
-4.39000000e-01  4.05018180e-09 -4.39000000e-01  8.01659641e+06 
-4.38000000e-01  3.92736106e-09 -4.38000000e-01  8.26730250e+06 
-4.37000000e-01  3.80826493e-09 -4.37000000e-01  8.52584718e+06 
-4.36000000e-01  3.69278027e-09 -4.36000000e-01  8.79247332e+06 
-4.35000000e-01  3.58079765e-09 -4.35000000e-01  9.06744370e+06 
-4.34000000e-01  3.47221094e-09 -4.34000000e-01  9.35101327e+06 
-4.33000000e-01  3.36691708e-09 -4.33000000e-01  9.64344938e+06 
-4.32000000e-01  3.26481627e-09 -4.32000000e-01  9.94502896e+06 
-4.31000000e-01  3.16581158e-09 -4.31000000e-01  1.02560405e+07 
-4.30000000e-01  3.06980923e-09 -4.30000000e-01  1.05767811e+07 
-4.29000000e-01  2.97671814e-09 -4.29000000e-01  1.09075517e+07 
-4.28000000e-01  2.88645003e-09 -4.28000000e-01  1.12486664e+07 
-4.27000000e-01  2.79891928e-09 -4.27000000e-01  1.16004431e+07 
-4.26000000e-01  2.71404282e-09 -4.26000000e-01  1.19632293e+07 
-4.25000000e-01  2.63174034e-09 -4.25000000e-01  1.23373611e+07 
-4.24000000e-01  2.55193360e-09 -4.24000000e-01  1.27231818e+07 
-4.23000000e-01  2.47454696e-09 -4.23000000e-01  1.31210765e+07 
-4.22000000e-01  2.39950708e-09 -4.22000000e-01  1.35314185e+07 
-4.21000000e-01  2.32674279e-09 -4.21000000e-01  1.39545931e+07 
-4.20000000e-01  2.25618510e-09 -4.20000000e-01  1.43909960e+07 
-4.19000000e-01  2.18776701e-09 -4.19000000e-01  1.48410392e+07 
-4.18000000e-01  2.12142364e-09 -4.18000000e-01  1.53051671e+07 
-4.17000000e-01  2.05709218e-09 -4.17000000e-01  1.57838156e+07 
-4.16000000e-01  1.99471157e-09 -4.16000000e-01  1.62774227e+07 
-4.15000000e-01  1.93422261e-09 -4.15000000e-01  1.67864675e+07 
-4.14000000e-01  1.87556798e-09 -4.14000000e-01  1.73114360e+07 
-4.13000000e-01  1.81869204e-09 -4.13000000e-01  1.78528187e+07 
-4.12000000e-01  1.76354085e-09 -4.12000000e-01  1.84111291e+07 
-4.11000000e-01  1.71006210e-09 -4.11000000e-01  1.89869080e+07 
-4.10000000e-01  1.65820511e-09 -4.10000000e-01  1.95806973e+07 
-4.09000000e-01  1.60792069e-09 -4.09000000e-01  2.01930495e+07 
-4.08000000e-01  1.55916113e-09 -4.08000000e-01  2.08245356e+07 
-4.07000000e-01  1.51188013e-09 -4.07000000e-01  2.14757881e+07 
-4.06000000e-01  1.46603300e-09 -4.06000000e-01  2.21474048e+07 
-4.05000000e-01  1.42157610e-09 -4.05000000e-01  2.28400306e+07 
-4.04000000e-01  1.37846745e-09 -4.04000000e-01  2.35543065e+07 
-4.03000000e-01  1.33666593e-09 -4.03000000e-01  2.42909005e+07 
-4.02000000e-01  1.29613209e-09 -4.02000000e-01  2.50505783e+07 
-4.01000000e-01  1.25682746e-09 -4.01000000e-01  2.58339765e+07 
-4.00000000e-01  1.21871466e-09 -4.00000000e-01  2.66418895e+07 
-3.99000000e-01  1.18175771e-09 -3.99000000e-01  2.74750713e+07 
-3.98000000e-01  1.14592140e-09 -3.98000000e-01  2.83342758e+07 
-3.97000000e-01  1.11117182e-09 -3.97000000e-01  2.92204147e+07 
-3.96000000e-01  1.07747610e-09 -3.96000000e-01  3.01342406e+07 
-3.95000000e-01  1.04480214e-09 -3.95000000e-01  3.10766210e+07 
-3.94000000e-01  1.01311904e-09 -3.94000000e-01  3.20484574e+07 
-3.93000000e-01  9.82396636e-10 -3.93000000e-01  3.30507150e+07 
-3.92000000e-01  9.52605978e-10 -3.92000000e-01  3.40843244e+07 
-3.91000000e-01  9.23718635e-10 -3.91000000e-01  3.51502209e+07 
-3.90000000e-01  8.95707331e-10 -3.90000000e-01  3.62495190e+07 
-3.89000000e-01  8.68545490e-10 -3.89000000e-01  3.73831480e+07 
-3.88000000e-01  8.42207288e-10 -3.88000000e-01  3.85522217e+07 
-3.87000000e-01  8.16667805e-10 -3.87000000e-01  3.97578530e+07 
-3.86000000e-01  7.91902761e-10 -3.86000000e-01  4.10012359e+07 
-3.85000000e-01  7.67888787e-10 -3.85000000e-01  4.22834702e+07 
-3.84000000e-01  7.44602954e-10 -3.84000000e-01  4.36057744e+07 
-3.83000000e-01  7.22023302e-10 -3.83000000e-01  4.49694984e+07 
-3.82000000e-01  7.00128364e-10 -3.82000000e-01  4.63757909e+07 
-3.81000000e-01  6.78897353e-10 -3.81000000e-01  4.78260908e+07 
-3.80000000e-01  6.58310185e-10 -3.80000000e-01  4.93217603e+07 
-3.79000000e-01  6.38347300e-10 -3.79000000e-01  5.08642065e+07 
-3.78000000e-01  6.18989804e-10 -3.78000000e-01  5.24549685e+07 
-3.77000000e-01  6.00219358e-10 -3.77000000e-01  5.40954051e+07 
-3.76000000e-01  5.82018087e-10 -3.76000000e-01  5.57869818e+07 
-3.75000000e-01  5.64368700e-10 -3.75000000e-01  5.75316598e+07 
-3.74000000e-01  5.47254620e-10 -3.74000000e-01  5.93309242e+07 
-3.73000000e-01  5.30659466e-10 -3.73000000e-01  6.11862866e+07 
-3.72000000e-01  5.14567557e-10 -3.72000000e-01  6.30997678e+07 
-3.71000000e-01  4.98963629e-10 -3.71000000e-01  6.50731027e+07 
-3.70000000e-01  4.83832892e-10 -3.70000000e-01  6.71082179e+07 
-3.69000000e-01  4.69161019e-10 -3.69000000e-01  6.92069255e+07 
-3.68000000e-01  4.54934050e-10 -3.68000000e-01  7.13710503e+07 
-3.67000000e-01  4.41138453e-10 -3.67000000e-01  7.36031389e+07 
-3.66000000e-01  4.27761296e-10 -3.66000000e-01  7.59050757e+07 
-3.65000000e-01  4.14789754e-10 -3.65000000e-01  7.82786344e+07 
-3.64000000e-01  4.02211540e-10 -3.64000000e-01  8.07266861e+07 
-3.63000000e-01  3.90014799e-10 -3.63000000e-01  8.32512219e+07 
-3.62000000e-01  3.78187868e-10 -3.62000000e-01  8.58545405e+07 
-3.61000000e-01  3.66719584e-10 -3.61000000e-01  8.85396553e+07 
-3.60000000e-01  3.55599120e-10 -3.60000000e-01  9.13088745e+07 
-3.59000000e-01  3.44815908e-10 -3.59000000e-01  9.41642060e+07 
-3.58000000e-01  3.34359627e-10 -3.58000000e-01  9.71088587e+07 
-3.57000000e-01  3.24220464e-10 -3.57000000e-01  1.00146048e+08 
-3.56000000e-01  3.14388794e-10 -3.56000000e-01  1.03277543e+08 
-3.55000000e-01  3.04855170e-10 -3.55000000e-01  1.06507018e+08 
-3.54000000e-01  2.95610689e-10 -3.54000000e-01  1.09837967e+08 
-3.53000000e-01  2.86646530e-10 -3.53000000e-01  1.13273092e+08 
-3.52000000e-01  2.77954245e-10 -3.52000000e-01  1.16815594e+08 
-3.51000000e-01  2.69525528e-10 -3.51000000e-01  1.20468397e+08 
-3.50000000e-01  2.61352380e-10 -3.50000000e-01  1.24236148e+08 
-3.49000000e-01  2.53427154e-10 -3.49000000e-01  1.28121670e+08 
-3.48000000e-01  2.45742219e-10 -3.48000000e-01  1.32127533e+08 
-3.47000000e-01  2.38290264e-10 -3.47000000e-01  1.36259988e+08 
-3.46000000e-01  2.31064395e-10 -3.46000000e-01  1.40521892e+08 
-3.45000000e-01  2.24057606e-10 -3.45000000e-01  1.44915461e+08 
-3.44000000e-01  2.17263245e-10 -3.44000000e-01  1.49447397e+08 
-3.43000000e-01  2.10674971e-10 -3.43000000e-01  1.54121309e+08 
-3.42000000e-01  2.04286455e-10 -3.42000000e-01  1.58941043e+08 
-3.41000000e-01  1.98091688e-10 -3.41000000e-01  1.63911636e+08 
-3.40000000e-01  1.92084758e-10 -3.40000000e-01  1.69038109e+08 
-3.39000000e-01  1.86260037e-10 -3.39000000e-01  1.74323898e+08 
-3.38000000e-01  1.80611862e-10 -3.38000000e-01  1.79774825e+08 
-3.37000000e-01  1.75135009e-10 -3.37000000e-01  1.85396862e+08 
-3.36000000e-01  1.69824193e-10 -3.36000000e-01  1.91195328e+08 
-3.35000000e-01  1.64674502e-10 -3.35000000e-01  1.97176145e+08 
-3.34000000e-01  1.59680978e-10 -3.34000000e-01  2.03341000e+08 
-3.33000000e-01  1.54838807e-10 -3.33000000e-01  2.09697976e+08 
-3.32000000e-01  1.50143452e-10 -3.32000000e-01  2.16258863e+08 
-3.31000000e-01  1.45590631e-10 -3.31000000e-01  2.23022235e+08 
-3.30000000e-01  1.41175736e-10 -3.30000000e-01  2.29995472e+08 
-3.29000000e-01  1.36894808e-10 -3.29000000e-01  2.37187183e+08 
-3.28000000e-01  1.32743577e-10 -3.28000000e-01  2.44602813e+08 
-3.27000000e-01  1.28718287e-10 -3.27000000e-01  2.52253806e+08 
-3.26000000e-01  1.24815054e-10 -3.26000000e-01  2.60144533e+08 
-3.25000000e-01  1.21030253e-10 -3.25000000e-01  2.68279966e+08 
-3.24000000e-01  1.17360156e-10 -3.24000000e-01  2.76667585e+08 
-3.23000000e-01  1.13801362e-10 -3.23000000e-01  2.85321870e+08 
-3.22000000e-01  1.10350528e-10 -3.22000000e-01  2.94245427e+08 
-3.21000000e-01  1.07004315e-10 -3.21000000e-01  3.03443709e+08 
-3.20000000e-01  1.03759520e-10 -3.20000000e-01  3.12932623e+08 
-3.19000000e-01  1.00613162e-10 -3.19000000e-01  3.22724085e+08 
-3.18000000e-01  9.75622756e-11 -3.18000000e-01  3.32815421e+08 
-3.17000000e-01  9.46038255e-11 -3.17000000e-01  3.43223165e+08 
-3.16000000e-01  9.17351631e-11 -3.16000000e-01  3.53957177e+08 
-3.15000000e-01  8.89534245e-11 -3.15000000e-01  3.65021361e+08 
-3.14000000e-01  8.62560317e-11 -3.14000000e-01  3.76437739e+08 
-3.13000000e-01  8.36404609e-11 -3.13000000e-01  3.88208827e+08 
-3.12000000e-01  8.11041654e-11 -3.12000000e-01  4.00351446e+08 
-3.11000000e-01  7.86448501e-11 -3.11000000e-01  4.12877857e+08 
-3.10000000e-01  7.62601177e-11 -3.10000000e-01  4.25785468e+08 
-3.09000000e-01  7.39476489e-11 -3.09000000e-01  4.39096969e+08 
-3.08000000e-01  7.17053152e-11 -3.08000000e-01  4.52827749e+08 
-3.07000000e-01  6.95309585e-11 -3.07000000e-01  4.66988114e+08 
-3.06000000e-01  6.74225509e-11 -3.06000000e-01  4.81600946e+08 
-3.05000000e-01  6.53781427e-11 -3.05000000e-01  4.96654763e+08 
-3.04000000e-01  6.33956088e-11 -3.04000000e-01  5.12186039e+08 
-3.03000000e-01  6.14733116e-11 -3.03000000e-01  5.28204587e+08 
-3.02000000e-01  5.96091971e-11 -3.02000000e-01  5.44720047e+08 
-3.01000000e-01  5.78017008e-11 -3.01000000e-01  5.61763523e+08 
-3.00000000e-01  5.60489802e-11 -3.00000000e-01  5.79321984e+08 
-2.99000000e-01  5.43493892e-11 -2.99000000e-01  5.97439868e+08 
-2.98000000e-01  5.27013630e-11 -2.98000000e-01  6.16130708e+08 
-2.97000000e-01  5.11033247e-11 -2.97000000e-01  6.35385241e+08 
-2.96000000e-01  4.95536663e-11 -2.96000000e-01  6.55259135e+08 
-2.95000000e-01  4.80510971e-11 -2.95000000e-01  6.75766210e+08 
-2.94000000e-01  4.65940629e-11 -2.94000000e-01  6.96889936e+08 
-2.93000000e-01  4.51812035e-11 -2.93000000e-01  7.18680028e+08 
-2.92000000e-01  4.38111833e-11 -2.92000000e-01  7.41151366e+08 
-2.91000000e-01  4.24826994e-11 -2.91000000e-01  7.64335315e+08 
-2.90000000e-01  4.11945306e-11 -2.90000000e-01  7.88231654e+08 
-2.89000000e-01  3.99453742e-11 -2.89000000e-01  8.12879300e+08 
-2.88000000e-01  3.87341408e-11 -2.88000000e-01  8.38329826e+08 
-2.87000000e-01  3.75596784e-11 -2.87000000e-01  8.64541646e+08 
-2.86000000e-01  3.64207762e-11 -2.86000000e-01  8.91535225e+08 
-2.85000000e-01  3.53163570e-11 -2.85000000e-01  9.19425530e+08 
-2.84000000e-01  3.42455049e-11 -2.84000000e-01  9.48196891e+08 
-2.83000000e-01  3.32070905e-11 -2.83000000e-01  9.77848294e+08 
-2.82000000e-01  3.22001978e-11 -2.82000000e-01  1.00842871e+09 
-2.81000000e-01  3.12238070e-11 -2.81000000e-01  1.03995070e+09 
-2.80000000e-01  3.02770297e-11 -2.80000000e-01  1.07247936e+09 
-2.79000000e-01  2.93589692e-11 -2.79000000e-01  1.10603277e+09 
-2.78000000e-01  2.84687650e-11 -2.78000000e-01  1.14063405e+09 
-2.77000000e-01  2.76055585e-11 -2.77000000e-01  1.17628928e+09 
-2.76000000e-01  2.67685030e-11 -2.76000000e-01  1.21301527e+09 
-2.75000000e-01  2.59567746e-11 -2.75000000e-01  1.25097405e+09 
-2.74000000e-01  2.51697488e-11 -2.74000000e-01  1.29012949e+09 
-2.73000000e-01  2.44065427e-11 -2.73000000e-01  1.33044282e+09 
-2.72000000e-01  2.36664899e-11 -2.72000000e-01  1.37211787e+09 
-2.71000000e-01  2.29489419e-11 -2.71000000e-01  1.41505392e+09 
-2.70000000e-01  2.22531162e-11 -2.70000000e-01  1.45913696e+09 
-2.69000000e-01  2.15782687e-11 -2.69000000e-01  1.50475566e+09 
-2.68000000e-01  2.09239968e-11 -2.68000000e-01  1.55196185e+09 
-2.67000000e-01  2.02895772e-11 -2.67000000e-01  1.60046869e+09 
-2.66000000e-01  1.96743629e-11 -2.66000000e-01  1.65046655e+09 
-2.65000000e-01  1.90777986e-11 -2.65000000e-01  1.70212447e+09 
-2.64000000e-01  1.84993607e-11 -2.64000000e-01  1.75542169e+09 
-2.63000000e-01  1.79384713e-11 -2.63000000e-01  1.81030927e+09 
-2.62000000e-01  1.73945771e-11 -2.62000000e-01  1.86677930e+09 
-2.61000000e-01  1.68671073e-11 -2.61000000e-01  1.92511616e+09 
-2.60000000e-01  1.63556787e-11 -2.60000000e-01  1.98537219e+09 
-2.59000000e-01  1.58597395e-11 -2.59000000e-01  2.04759295e+09 
-2.58000000e-01  1.53789221e-11 -2.58000000e-01  2.11156726e+09 
-2.57000000e-01  1.49125758e-11 -2.57000000e-01  2.17761786e+09 
-2.56000000e-01  1.44604873e-11 -2.56000000e-01  2.24572722e+09 
-2.55000000e-01  1.40219957e-11 -2.55000000e-01  2.31578070e+09 
-2.54000000e-01  1.35968476e-11 -2.54000000e-01  2.38840428e+09 
-2.53000000e-01  1.31846165e-11 -2.53000000e-01  2.46303856e+09 
-2.52000000e-01  1.27848425e-11 -2.52000000e-01  2.54004549e+09 
-2.51000000e-01  1.23972290e-11 -2.51000000e-01  2.61949714e+09 
-2.50000000e-01  1.20213372e-11 -2.50000000e-01  2.70130470e+09 
-2.49000000e-01  1.16568460e-11 -2.49000000e-01  2.78577930e+09 
-2.48000000e-01  1.13034052e-11 -2.48000000e-01  2.87298470e+09 
-2.47000000e-01  1.09607059e-11 -2.47000000e-01  2.96289945e+09 
-2.46000000e-01  1.06283907e-11 -2.46000000e-01  3.05534940e+09 
-2.45000000e-01  1.03061163e-11 -2.45000000e-01  3.15087575e+09 
-2.44000000e-01  9.99364657e-12 -2.44000000e-01  3.24985438e+09 
-2.43000000e-01  9.69070408e-12 -2.43000000e-01  3.35122522e+09 
-2.42000000e-01  9.39684991e-12 -2.42000000e-01  3.45552610e+09 
-2.41000000e-01  9.11192101e-12 -2.41000000e-01  3.56427860e+09 
-2.40000000e-01  8.83572655e-12 -2.40000000e-01  3.67551159e+09 
-2.39000000e-01  8.56777907e-12 -2.39000000e-01  3.79005706e+09 
-2.38000000e-01  8.30803001e-12 -2.38000000e-01  3.90934528e+09 
-2.37000000e-01  8.05618446e-12 -2.37000000e-01  4.03122099e+09 
-2.36000000e-01  7.81190241e-12 -2.36000000e-01  4.15699458e+09 
-2.35000000e-01  7.57506764e-12 -2.35000000e-01  4.28731094e+09 
-2.34000000e-01  7.34540953e-12 -2.34000000e-01  4.42153009e+09 
-2.33000000e-01  7.12273554e-12 -2.33000000e-01  4.55991145e+09 
-2.32000000e-01  6.90680453e-12 -2.32000000e-01  4.70235797e+09 
-2.31000000e-01  6.69741700e-12 -2.31000000e-01  4.84951986e+09 
-2.30000000e-01  6.49439256e-12 -2.30000000e-01  5.00069668e+09 
-2.29000000e-01  6.29747273e-12 -2.29000000e-01  5.15793063e+09 
-2.28000000e-01  6.10664016e-12 -2.28000000e-01  5.31900994e+09 
-2.27000000e-01  5.92146290e-12 -2.27000000e-01  5.48436288e+09 
-2.26000000e-01  5.74196699e-12 -2.26000000e-01  5.65557837e+09 
-2.25000000e-01  5.56782975e-12 -2.25000000e-01  5.83257178e+09 
-2.24000000e-01  5.39906508e-12 -2.24000000e-01  6.01537806e+09 
-2.23000000e-01  5.23534857e-12 -2.23000000e-01  6.20319817e+09 
-2.22000000e-01  5.07665075e-12 -2.22000000e-01  6.39875397e+09 
-2.21000000e-01  4.92278772e-12 -2.21000000e-01  6.59804188e+09 
-2.20000000e-01  4.77353051e-12 -2.20000000e-01  6.80359185e+09 
-2.19000000e-01  4.62882535e-12 -2.19000000e-01  7.01735995e+09 
-2.18000000e-01  4.48852304e-12 -2.18000000e-01  7.23531258e+09 
-2.17000000e-01  4.35240329e-12 -2.17000000e-01  7.46312946e+09 
-2.16000000e-01  4.22053895e-12 -2.16000000e-01  7.69721932e+09 
-2.15000000e-01  4.09256920e-12 -2.15000000e-01  7.93482078e+09 
-2.14000000e-01  3.96848536e-12 -2.14000000e-01  8.18273525e+09 
-2.13000000e-01  3.84815215e-12 -2.13000000e-01  8.44144619e+09 
-2.12000000e-01  3.73155914e-12 -2.12000000e-01  8.70651801e+09 
-2.11000000e-01  3.61843919e-12 -2.11000000e-01  8.97736816e+09 
-2.10000000e-01  3.50877670e-12 -2.10000000e-01  9.25921179e+09 
-2.09000000e-01  3.40243808e-12 -2.09000000e-01  9.54784726e+09 
-2.08000000e-01  3.29930539e-12 -2.08000000e-01  9.84445434e+09 
-2.07000000e-01  3.19927802e-12 -2.07000000e-01  1.01508672e+10 
-2.06000000e-01  3.10227789e-12 -2.06000000e-01  1.04699270e+10 
-2.05000000e-01  3.00825472e-12 -2.05000000e-01  1.07981536e+10 
-2.04000000e-01  2.91706104e-12 -2.04000000e-01  1.11367503e+10 
-2.03000000e-01  2.82866911e-12 -2.03000000e-01  1.14835276e+10 
-2.02000000e-01  2.74289853e-12 -2.02000000e-01  1.18437070e+10 
-2.01000000e-01  2.65980307e-12 -2.01000000e-01  1.22141293e+10 
-2.00000000e-01  2.57915374e-12 -2.00000000e-01  1.25909836e+10 
-1.99000000e-01  2.50095924e-12 -1.99000000e-01  1.29912481e+10 
-1.98000000e-01  2.42520395e-12 -1.98000000e-01  1.33993964e+10 
-1.97000000e-01  2.35169878e-12 -1.97000000e-01  1.38151253e+10 
-1.96000000e-01  2.28043508e-12 -1.96000000e-01  1.42463789e+10 
-1.95000000e-01  2.21131223e-12 -1.95000000e-01  1.46919327e+10 
-1.94000000e-01  2.14430595e-12 -1.94000000e-01  1.51503129e+10 
-1.93000000e-01  2.07930176e-12 -1.93000000e-01  1.56252894e+10 
-1.92000000e-01  2.01630833e-12 -1.92000000e-01  1.61134281e+10 
-1.91000000e-01  1.95518168e-12 -1.91000000e-01  1.66126791e+10 
-1.90000000e-01  1.89591835e-12 -1.90000000e-01  1.71369779e+10 
-1.89000000e-01  1.83847499e-12 -1.89000000e-01  1.76761885e+10 
-1.88000000e-01  1.78277179e-12 -1.88000000e-01  1.82325415e+10 
-1.87000000e-01  1.72878101e-12 -1.87000000e-01  1.87928375e+10 
-1.86000000e-01  1.67634826e-12 -1.86000000e-01  1.93854041e+10 
-1.85000000e-01  1.62561060e-12 -1.85000000e-01  1.99905291e+10 
-1.84000000e-01  1.57630089e-12 -1.84000000e-01  2.06058866e+10 
-1.83000000e-01  1.52855096e-12 -1.83000000e-01  2.12501465e+10 
-1.82000000e-01  1.48218389e-12 -1.82000000e-01  2.19155652e+10 
-1.81000000e-01  1.43729162e-12 -1.81000000e-01  2.26151325e+10 
-1.80000000e-01  1.39374753e-12 -1.80000000e-01  2.33296397e+10 
-1.79000000e-01  1.35156376e-12 -1.79000000e-01  2.40510711e+10 
-1.78000000e-01  1.31059115e-12 -1.78000000e-01  2.47758825e+10 
-1.77000000e-01  1.27084010e-12 -1.77000000e-01  2.55525374e+10 
-1.76000000e-01  1.23232104e-12 -1.76000000e-01  2.63861073e+10 
-1.75000000e-01  1.19504264e-12 -1.75000000e-01  2.72301642e+10 
-1.74000000e-01  1.15887308e-12 -1.74000000e-01  2.80369800e+10 
-1.73000000e-01  1.12370828e-12 -1.73000000e-01  2.88771541e+10 
-1.72000000e-01  1.08961417e-12 -1.72000000e-01  2.97869371e+10 
-1.71000000e-01  1.05656475e-12 -1.71000000e-01  3.08093434e+10 
-1.70000000e-01  1.02469880e-12 -1.70000000e-01  3.17865728e+10 
-1.69000000e-01  9.93645102e-13 -1.69000000e-01  3.26826652e+10 
-1.68000000e-01  9.63504281e-13 -1.68000000e-01  3.37182971e+10 
-1.67000000e-01  9.34330126e-13 -1.67000000e-01  3.48248801e+10 
-1.66000000e-01  9.06074076e-13 -1.66000000e-01  3.58676751e+10 
-1.65000000e-01  8.78569612e-13 -1.65000000e-01  3.69784242e+10 
-1.64000000e-01  8.51988483e-13 -1.64000000e-01  3.81627129e+10 
-1.63000000e-01  8.26162436e-13 -1.63000000e-01  3.93325836e+10 
-1.62000000e-01  8.01140057e-13 -1.62000000e-01  4.05850406e+10 
-1.61000000e-01  7.76883195e-13 -1.61000000e-01  4.18301751e+10 
-1.60000000e-01  7.53327682e-13 -1.60000000e-01  4.32123847e+10 
-1.59000000e-01  7.30600167e-13 -1.59000000e-01  4.44736094e+10 
-1.58000000e-01  7.08357192e-13 -1.58000000e-01  4.58453143e+10 
-1.57000000e-01  6.86975208e-13 -1.57000000e-01  4.74250073e+10 
-1.56000000e-01  6.66185348e-13 -1.56000000e-01  4.88138684e+10 
-1.55000000e-01  6.46003245e-13 -1.55000000e-01  5.03019335e+10 
-1.54000000e-01  6.26425445e-13 -1.54000000e-01  5.18882965e+10 
-1.53000000e-01  6.07458908e-13 -1.53000000e-01  5.35059214e+10 
-1.52000000e-01  5.89046405e-13 -1.52000000e-01  5.51854145e+10 
-1.51000000e-01  5.71217447e-13 -1.51000000e-01  5.69681945e+10 
-1.50000000e-01  5.53939096e-13 -1.50000000e-01  5.86992334e+10 
-1.49000000e-01  5.37145452e-13 -1.49000000e-01  6.05611068e+10 
-1.48000000e-01  5.20914600e-13 -1.48000000e-01  6.23927352e+10 
-1.47000000e-01  5.05090438e-13 -1.47000000e-01  6.43854156e+10 
-1.46000000e-01  4.89851665e-13 -1.46000000e-01  6.64062503e+10 
-1.45000000e-01  4.74972791e-13 -1.45000000e-01  6.85500114e+10 
-1.44000000e-01  4.60675886e-13 -1.44000000e-01  7.06502718e+10 
-1.43000000e-01  4.46664337e-13 -1.43000000e-01  7.27271184e+10 
-1.42000000e-01  4.33175828e-13 -1.42000000e-01  7.51594977e+10 
-1.41000000e-01  4.20054260e-13 -1.41000000e-01  7.74417639e+10 
-1.40000000e-01  4.07349970e-13 -1.40000000e-01  7.97842531e+10 
-1.39000000e-01  3.94986657e-13 -1.39000000e-01  8.21090130e+10 
-1.38000000e-01  3.82992108e-13 -1.38000000e-01  8.48037053e+10 
-1.37000000e-01  3.71402782e-13 -1.37000000e-01  8.77816499e+10 
-1.36000000e-01  3.60208303e-13 -1.36000000e-01  9.04626555e+10 
-1.35000000e-01  3.49294211e-13 -1.35000000e-01  9.31997272e+10 
-1.34000000e-01  3.38749012e-13 -1.34000000e-01  9.59878876e+10 
-1.33000000e-01  3.28458249e-13 -1.33000000e-01  9.89483603e+10 
-1.32000000e-01  3.18536449e-13 -1.32000000e-01  1.02106682e+11 
-1.31000000e-01  3.08870892e-13 -1.31000000e-01  1.05012557e+11 
-1.30000000e-01  2.99491108e-13 -1.30000000e-01  1.08496000e+11 
-1.29000000e-01  2.90437033e-13 -1.29000000e-01  1.12613582e+11 
-1.28000000e-01  2.81731261e-13 -1.28000000e-01  1.15740465e+11 
-1.27000000e-01  2.73156992e-13 -1.27000000e-01  1.18801217e+11 
-1.26000000e-01  2.64896416e-13 -1.26000000e-01  1.22861162e+11 
-1.25000000e-01  2.56878455e-13 -1.25000000e-01  1.26303321e+11 
-1.24000000e-01  2.49061520e-13 -1.24000000e-01  1.30047308e+11 
-1.23000000e-01  2.41499436e-13 -1.23000000e-01  1.35294819e+11 
-1.22000000e-01  2.34278988e-13 -1.22000000e-01  1.39584943e+11 
-1.21000000e-01  2.27171243e-13 -1.21000000e-01  1.42764758e+11 
-1.20000000e-01  2.20269928e-13 -1.20000000e-01  1.47401428e+11 
-1.19000000e-01  2.13602853e-13 -1.19000000e-01  1.52491709e+11 
-1.18000000e-01  2.07154461e-13 -1.18000000e-01  1.57086721e+11 
-1.17000000e-01  2.00871032e-13 -1.17000000e-01  1.61718872e+11 
-1.16000000e-01  1.94787321e-13 -1.16000000e-01  1.66972034e+11 
-1.15000000e-01  1.88892979e-13 -1.15000000e-01  1.72424914e+11 
-1.14000000e-01  1.83188069e-13 -1.14000000e-01  1.77698537e+11 
-1.13000000e-01  1.77637962e-13 -1.13000000e-01  1.83774640e+11 
-1.12000000e-01  1.72305174e-13 -1.12000000e-01  1.89408133e+11 
-1.11000000e-01  1.67078753e-13 -1.11000000e-01  1.92593450e+11 
-1.10000000e-01  1.61920605e-13 -1.10000000e-01  2.00106465e+11 
-1.09000000e-01  1.57084074e-13 -1.09000000e-01  2.07632646e+11 
-1.08000000e-01  1.52288209e-13 -1.08000000e-01  2.12568359e+11 
-1.07000000e-01  1.47675336e-13 -1.07000000e-01  2.20075835e+11 
-1.06000000e-01  1.43200432e-13 -1.06000000e-01  2.26168116e+11 
-1.05000000e-01  1.38832356e-13 -1.05000000e-01  2.35174073e+11 
-1.04000000e-01  1.34696093e-13 -1.04000000e-01  2.43381064e+11 
-1.03000000e-01  1.30614790e-13 -1.03000000e-01  2.48170245e+11 
-1.02000000e-01  1.26637109e-13 -1.02000000e-01  2.55627351e+11 
-1.01000000e-01  1.22790901e-13 -1.01000000e-01  2.64399277e+11 
-1.00000000e-01  1.19072792e-13 -1.00000000e-01  2.73412397e+11 
-9.90000000e-02  1.15475944e-13 -9.90000000e-02  2.79908509e+11 
-9.80000000e-02  1.11927600e-13 -9.80000000e-02  2.92698489e+11 
-9.70000000e-02  1.08642974e-13 -9.70000000e-02  2.98310967e+11 
-9.60000000e-02  1.05223187e-13 -9.60000000e-02  3.03193349e+11 
-9.50000000e-02  1.02046523e-13 -9.50000000e-02  3.23107703e+11 
-9.40000000e-02  9.90333007e-14 -9.40000000e-02  3.29056226e+11 
-9.30000000e-02  9.59685344e-14 -9.30000000e-02  3.41396318e+11 
-9.20000000e-02  9.31750067e-14 -9.20000000e-02  3.47026547e+11 
-9.10000000e-02  9.02052866e-14 -9.10000000e-02  3.53077873e+11 
-9.00000000e-02  8.75105339e-14 -9.00000000e-02  3.70208155e+11 
-8.90000000e-02  8.48029204e-14 -8.90000000e-02  3.78627906e+11 
-8.80000000e-02  8.22283030e-14 -8.80000000e-02  3.91141530e+11 
-8.70000000e-02  7.96896817e-14 -8.70000000e-02  4.12347504e+11 
-8.60000000e-02  7.73780251e-14 -8.60000000e-02  4.30157061e+11 
-8.50000000e-02  7.50402172e-14 -8.50000000e-02  4.30468803e+11 
-8.40000000e-02  7.27319277e-14 -8.40000000e-02  4.32102578e+11 
-8.30000000e-02  7.04116866e-14 -8.30000000e-02  4.53933226e+11 
-8.20000000e-02  6.83259933e-14 -8.20000000e-02  4.79717781e+11 
-8.10000000e-02  6.62425687e-14 -8.10000000e-02  4.86749444e+11 
-8.00000000e-02  6.42171032e-14 -8.00000000e-02  4.95734156e+11 
-7.90000000e-02  6.22081483e-14 -7.90000000e-02  5.20614525e+11 
-7.80000000e-02  6.03754893e-14 -7.80000000e-02  5.33964896e+11 
-7.70000000e-02  5.84625837e-14 -7.70000000e-02  5.40878509e+11 
-7.60000000e-02  5.66778012e-14 -7.60000000e-02  5.81773617e+11 
-7.50000000e-02  5.50248204e-14 -7.50000000e-02  5.84748297e+11 
-7.40000000e-02  5.32575262e-14 -7.40000000e-02  5.90236748e+11 
-7.30000000e-02  5.16363496e-14 -7.30000000e-02  6.32525922e+11 
-7.20000000e-02  5.00956004e-14 -7.20000000e-02  6.42703159e+11 
-7.10000000e-02  4.85244931e-14 -7.10000000e-02  6.35315365e+11 
-7.00000000e-02  4.69475576e-14 -7.00000000e-02  6.59831261e+11 
-6.90000000e-02  4.54934151e-14 -6.90000000e-02  7.14512765e+11 
-6.80000000e-02  4.41484473e-14 -6.80000000e-02  7.28980602e+11 
-6.70000000e-02  4.27498579e-14 -6.70000000e-02  7.30985361e+11 
-6.60000000e-02  4.14124144e-14 -6.60000000e-02  7.68330076e+11 
-6.50000000e-02  4.01468100e-14 -6.50000000e-02  7.85603765e+11 
-6.40000000e-02  3.88666018e-14 -6.40000000e-02  8.21038460e+11 
-6.30000000e-02  3.77108705e-14 -6.30000000e-02  8.51158869e+11 
-6.20000000e-02  3.65168642e-14 -6.20000000e-02  8.22062666e+11 
-6.10000000e-02  3.52779659e-14 -6.10000000e-02  8.89572804e+11 
-6.00000000e-02  3.42685940e-14 -6.00000000e-02  9.28864298e+11 
-5.90000000e-02  3.31247989e-14 -5.90000000e-02  9.15022748e+11 
-5.80000000e-02  3.20828560e-14 -5.80000000e-02  9.81749032e+11 
-5.70000000e-02  3.10876184e-14 -5.70000000e-02  9.85158244e+11 
-5.60000000e-02  3.00527253e-14 -5.60000000e-02  1.01152363e+12 
-5.50000000e-02  2.91104030e-14 -5.50000000e-02  1.05692143e+12 
-5.40000000e-02  2.81604370e-14 -5.40000000e-02  1.06025019e+12 
-5.30000000e-02  2.72240558e-14 -5.30000000e-02  1.10274854e+12 
-5.20000000e-02  2.63467870e-14 -5.20000000e-02  1.14707863e+12 
-5.10000000e-02  2.54804962e-14 -5.10000000e-02  1.21337630e+12 
-5.00000000e-02  2.46984937e-14 -5.00000000e-02  1.24407472e+12 
-4.90000000e-02  2.38728757e-14 -4.90000000e-02  1.27997383e+12 
-4.80000000e-02  2.31359617e-14 -4.80000000e-02  1.27228190e+12 
-4.70000000e-02  2.23008970e-14 -4.70000000e-02  1.27106789e+12 
-4.60000000e-02  2.15624816e-14 -4.60000000e-02  1.26234578e+12 
-4.50000000e-02  2.07165451e-14 -4.50000000e-02  1.38744574e+12 
-4.40000000e-02  2.01209838e-14 -4.40000000e-02  1.50123742e+12 
-4.30000000e-02  1.93843108e-14 -4.30000000e-02  1.42982328e+12 
-4.20000000e-02  1.87222096e-14 -4.20000000e-02  1.54543099e+12 
-4.10000000e-02  1.80901734e-14 -4.10000000e-02  1.57717874e+12 
-4.00000000e-02  1.74541225e-14 -4.00000000e-02  1.52651104e+12 
-3.90000000e-02  1.67799962e-14 -3.90000000e-02  1.51543305e+12 
-3.80000000e-02  1.61343677e-14 -3.80000000e-02  1.70666031e+12 
-3.70000000e-02  1.56081168e-14 -3.70000000e-02  1.82566209e+12 
-3.60000000e-02  1.50388747e-14 -3.60000000e-02  1.75573351e+12 
-3.50000000e-02  1.44689918e-14 -3.50000000e-02  1.67339016e+12 
-3.40000000e-02  1.38436962e-14 -3.40000000e-02  1.83463421e+12 
-3.30000000e-02  1.33788562e-14 -3.30000000e-02  1.91842046e+12 
-3.20000000e-02  1.28011719e-14 -3.20000000e-02  1.91959206e+12 
-3.10000000e-02  1.23369682e-14 -3.10000000e-02  1.98338036e+12 
-3.00000000e-02  1.17927924e-14 -3.00000000e-02  1.95081260e+12 
-2.90000000e-02  1.13117544e-14 -2.90000000e-02  2.11277759e+12 
-2.80000000e-02  1.08461712e-14 -2.80000000e-02  2.01791517e+12 
-2.70000000e-02  1.03206324e-14 -2.70000000e-02  2.19219193e+12 
-2.60000000e-02  9.93384237e-15 -2.60000000e-02  2.29943663e+12 
-2.50000000e-02  9.45085418e-15 -2.50000000e-02  2.12825311e+12 
-2.40000000e-02  8.99410452e-15 -2.40000000e-02  2.32035480e+12 
-2.30000000e-02  8.58891703e-15 -2.30000000e-02  2.35863378e+12 
-2.20000000e-02  8.14615601e-15 -2.20000000e-02  2.40446305e+12 
-2.10000000e-02  7.75713049e-15 -2.10000000e-02  2.39750671e+12 
-2.00000000e-02  7.31195606e-15 -2.00000000e-02  2.40722396e+12 
-1.90000000e-02  6.92629795e-15 -1.90000000e-02  2.41385291e+12 
-1.80000000e-02  6.48340516e-15 -1.80000000e-02  2.55696378e+12 
-1.70000000e-02  6.14412027e-15 -1.70000000e-02  2.60428927e+12 
-1.60000000e-02  5.71544131e-15 -1.60000000e-02  2.45825367e+12 
-1.50000000e-02  5.33053458e-15 -1.50000000e-02  2.52975014e+12 
-1.40000000e-02  4.92484940e-15 -1.40000000e-02  2.73926362e+12 
-1.30000000e-02  4.60041135e-15 -1.30000000e-02  3.01514639e+12 
-1.20000000e-02  4.26153169e-15 -1.20000000e-02  2.41115634e+12 
-1.10000000e-02  3.77093382e-15 -1.10000000e-02  2.71794990e+12 
-1.00000000e-02  3.52568295e-15 -1.00000000e-02  3.07937052e+12 
-9.00000000e-03  3.12145044e-15 -9.00000000e-03  2.67657023e+12 
-8.00000000e-03  2.77845802e-15 -8.00000000e-03  2.90290030e+12 
-7.00000000e-03  2.43248430e-15 -7.00000000e-03  2.62272206e+12 
-6.00000000e-03  2.01589151e-15 -6.00000000e-03  2.66900463e+12 
-5.00000000e-03  1.68314128e-15 -5.00000000e-03  2.82420042e+12 
-4.00000000e-03  1.30772647e-15 -4.00000000e-03  3.09666199e+12 
-3.00000000e-03  1.03728454e-15 -3.00000000e-03  3.38951238e+12 
-2.00000000e-03  7.17671098e-16 -2.00000000e-03  2.85619002e+12 
-1.00000000e-03  3.37051021e-16 -1.00000000e-03  2.84827641e+12 
 4.37150316e-16  1.54920556e-17  4.37150316e-16  7.60509636e+13 
 1.00000000e-03  3.10752866e-16  1.00000000e-03  3.08528920e+12 
 2.00000000e-03  6.63729504e-16  2.00000000e-03  2.90384838e+12 
 3.00000000e-03  9.99494060e-16  3.00000000e-03  2.78608249e+12 
 4.00000000e-03  1.38158334e-15  4.00000000e-03  2.73329248e+12 
 5.00000000e-03  1.73121231e-15  5.00000000e-03  2.81941739e+12 
 6.00000000e-03  2.09094975e-15  6.00000000e-03  2.94812275e+12 
 7.00000000e-03  2.40961012e-15  7.00000000e-03  3.00116878e+12 
 8.00000000e-03  2.75735679e-15  8.00000000e-03  2.60789111e+12 
 9.00000000e-03  3.17651330e-15  9.00000000e-03  2.77968291e+12 
 1.00000000e-02  3.47686332e-15  1.00000000e-02  2.77085448e+12 
 1.10000000e-02  3.89831231e-15  1.10000000e-02  2.91179150e+12 
 1.20000000e-02  4.16372569e-15  1.20000000e-02  2.73048704e+12 
 1.30000000e-02  4.63078236e-15  1.30000000e-02  2.60341131e+12 
 1.40000000e-02  4.93194852e-15  1.40000000e-02  3.05276811e+12 
 1.50000000e-02  5.28592548e-15  1.50000000e-02  2.41924018e+12 
 1.60000000e-02  5.75865436e-15  1.60000000e-02  2.50948557e+12 
 1.70000000e-02  6.08290157e-15  1.70000000e-02  2.98588465e+12 
 1.80000000e-02  6.42847260e-15  1.80000000e-02  2.69041814e+12 
 1.90000000e-02  6.82628044e-15  1.90000000e-02  2.36009876e+12 
 2.00000000e-02  7.27589477e-15  2.00000000e-02  2.20901702e+12 
 2.10000000e-02  7.73166051e-15  2.10000000e-02  2.27572458e+12 
 2.20000000e-02  8.15473573e-15  2.20000000e-02  2.53689256e+12 
 2.30000000e-02  8.52002658e-15  2.30000000e-02  2.17000704e+12 
 2.40000000e-02  9.07639173e-15  2.40000000e-02  2.19616665e+12 
 2.50000000e-02  9.43070428e-15  2.50000000e-02  2.26367124e+12 
 2.60000000e-02  9.95991225e-15  2.60000000e-02  2.26878558e+12 
 2.70000000e-02  1.03122332e-14  2.70000000e-02  2.41523453e+12 
 2.80000000e-02  1.07879892e-14  2.80000000e-02  2.03445158e+12 
 2.90000000e-02  1.12952991e-14  2.90000000e-02  1.94088223e+12 
 3.00000000e-02  1.18184484e-14  3.00000000e-02  2.01867940e+12 
 3.10000000e-02  1.22860458e-14  3.10000000e-02  2.04481602e+12 
 3.20000000e-02  1.27965315e-14  3.20000000e-02  1.98807439e+12 
 3.30000000e-02  1.32920444e-14  3.30000000e-02  1.85001286e+12 
 3.40000000e-02  1.38776051e-14  3.40000000e-02  1.66740454e+12 
 3.50000000e-02  1.44915133e-14  3.50000000e-02  1.71962382e+12 
 3.60000000e-02  1.50406502e-14  3.60000000e-02  1.77925751e+12 
 3.70000000e-02  1.56155777e-14  3.70000000e-02  1.66655185e+12 
 3.80000000e-02  1.62407328e-14  3.80000000e-02  1.69131048e+12 
 3.90000000e-02  1.67980927e-14  3.90000000e-02  1.71221932e+12 
 4.00000000e-02  1.74088075e-14  4.00000000e-02  1.51985900e+12 
 4.10000000e-02  1.81140042e-14  4.10000000e-02  1.61682925e+12 
 4.20000000e-02  1.86457965e-14  4.20000000e-02  1.54425126e+12 
 4.30000000e-02  1.94091303e-14  4.30000000e-02  1.38767212e+12 
 4.40000000e-02  2.00870591e-14  4.40000000e-02  1.41373990e+12 
 4.50000000e-02  2.08238177e-14  4.50000000e-02  1.45143619e+12 
 4.60000000e-02  2.14650047e-14  4.60000000e-02  1.36121091e+12 
 4.70000000e-02  2.22930977e-14  4.70000000e-02  1.34821595e+12 
 4.80000000e-02  2.29484465e-14  4.80000000e-02  1.33055789e+12 
 4.90000000e-02  2.37962266e-14  4.90000000e-02  1.23612449e+12 
 5.00000000e-02  2.45664065e-14  5.00000000e-02  1.17002239e+12 
 5.10000000e-02  2.55055956e-14  5.10000000e-02  1.10834795e+12 
 5.20000000e-02  2.63708940e-14  5.20000000e-02  1.13833296e+12 
 5.30000000e-02  2.72625508e-14  5.30000000e-02  1.12502086e+12 
 5.40000000e-02  2.81486388e-14  5.40000000e-02  1.07974207e+12 
 5.50000000e-02  2.91148450e-14  5.50000000e-02  1.03555828e+12 
 5.60000000e-02  3.00799642e-14  5.60000000e-02  1.05670272e+12 
 5.70000000e-02  3.10075249e-14  5.70000000e-02  9.93461590e+11 
 5.80000000e-02  3.20931271e-14  5.80000000e-02  9.45600311e+11 
 5.90000000e-02  3.31225834e-14  5.90000000e-02  9.42844425e+11 
 6.00000000e-02  3.42143679e-14  6.00000000e-02  9.10158384e+11 
 6.10000000e-02  3.53200032e-14  6.10000000e-02  8.87886182e+11 
 6.20000000e-02  3.64669088e-14  6.20000000e-02  8.68403768e+11 
 6.30000000e-02  3.76230793e-14  6.30000000e-02  8.13290906e+11 
 6.40000000e-02  3.89260535e-14  6.40000000e-02  7.82242643e+11 
 6.50000000e-02  4.01798307e-14  6.50000000e-02  7.98489080e+11 
 6.60000000e-02  4.14307841e-14  6.60000000e-02  7.78440560e+11 
 6.70000000e-02  4.27490699e-14  6.70000000e-02  7.47273091e+11 
 6.80000000e-02  4.41071818e-14  6.80000000e-02  7.05327723e+11 
 6.90000000e-02  4.55846312e-14  6.90000000e-02  6.88848386e+11 
 7.00000000e-02  4.70105783e-14  7.00000000e-02  6.88926006e+11 
 7.10000000e-02  4.84877006e-14  7.10000000e-02  6.66675933e+11 
 7.20000000e-02  5.00105366e-14  7.20000000e-02  6.37478468e+11 
 7.30000000e-02  5.16250615e-14  7.30000000e-02  6.33327564e+11 
 7.40000000e-02  5.31684601e-14  7.40000000e-02  5.86970887e+11 
 7.50000000e-02  5.50323855e-14  7.50000000e-02  5.70436636e+11 
 7.60000000e-02  5.66745463e-14  7.60000000e-02  5.83332474e+11 
 7.70000000e-02  5.84609620e-14  7.70000000e-02  5.46578308e+11 
 7.80000000e-02  6.03336743e-14  7.80000000e-02  5.23339975e+11 
 7.90000000e-02  6.22825695e-14  7.90000000e-02  5.22967190e+11 
 8.00000000e-02  6.41580060e-14  8.00000000e-02  5.07631891e+11 
 8.10000000e-02  6.62224323e-14  8.10000000e-02  4.76433886e+11 
 8.20000000e-02  6.83558602e-14  8.20000000e-02  4.68703743e+11 
 8.30000000e-02  7.04895201e-14  8.30000000e-02  4.56431941e+11 
 8.40000000e-02  7.27376745e-14  8.40000000e-02  4.52248351e+11 
 8.50000000e-02  7.49118690e-14  8.50000000e-02  4.37560677e+11 
 8.60000000e-02  7.73084691e-14  8.60000000e-02  4.10642111e+11 
 8.70000000e-02  7.97822901e-14  8.70000000e-02  4.06188630e+11 
 8.80000000e-02  8.22322899e-14  8.80000000e-02  3.96178227e+11 
 8.90000000e-02  8.48305231e-14  8.90000000e-02  3.78552674e+11 
 9.00000000e-02  8.75155705e-14  9.00000000e-02  3.66276447e+11 
 9.10000000e-02  9.02908796e-14  9.10000000e-02  3.61291964e+11 
 9.20000000e-02  9.30512596e-14  9.20000000e-02  3.50793366e+11 
 9.30000000e-02  9.59922417e-14  9.30000000e-02  3.31787225e+11 
 9.40000000e-02  9.90792193e-14  9.40000000e-02  3.24897722e+11 
 9.50000000e-02  1.02148025e-13  9.50000000e-02  3.21481770e+11 
 9.60000000e-02  1.05300412e-13  9.60000000e-02  3.09711855e+11 
 9.70000000e-02  1.08605640e-13  9.70000000e-02  2.98533523e+11 
 9.80000000e-02  1.11999827e-13  9.80000000e-02  2.93296445e+11 
 9.90000000e-02  1.15424680e-13  9.90000000e-02  2.79573336e+11 
 1.00000000e-01  1.19153585e-13  1.00000000e-01  2.70183466e+11 
 1.01000000e-01  1.22827057e-13  1.01000000e-01  2.67425390e+11 
 1.02000000e-01  1.26632306e-13  1.02000000e-01  2.57799757e+11 
 1.03000000e-01  1.30585016e-13  1.03000000e-01  2.49209997e+11 
 1.04000000e-01  1.34657667e-13  1.04000000e-01  2.39305134e+11 
 1.05000000e-01  1.38942547e-13  1.05000000e-01  2.31384351e+11 
 1.06000000e-01  1.43301294e-13  1.06000000e-01  2.25306782e+11 
 1.07000000e-01  1.47819333e-13  1.07000000e-01  2.21332963e+11 
 1.08000000e-01  1.52337453e-13  1.08000000e-01  2.14526967e+11 
 1.09000000e-01  1.57142170e-13  1.09000000e-01  2.07034245e+11 
 1.10000000e-01  1.61997691e-13  1.10000000e-01  2.02969390e+11 
 1.11000000e-01  1.66995873e-13  1.11000000e-01  1.95260085e+11 
 1.12000000e-01  1.72240440e-13  1.12000000e-01  1.86822782e+11 
 1.13000000e-01  1.77701205e-13  1.13000000e-01  1.81338839e+11 
 1.14000000e-01  1.83269517e-13  1.14000000e-01  1.78252349e+11 
 1.15000000e-01  1.88921254e-13  1.15000000e-01  1.73192323e+11 
 1.16000000e-01  1.94817373e-13  1.16000000e-01  1.67282263e+11 
 1.17000000e-01  2.00877094e-13  1.17000000e-01  1.62503859e+11 
 1.18000000e-01  2.07124773e-13  1.18000000e-01  1.56944707e+11 
 1.19000000e-01  2.13620435e-13  1.19000000e-01  1.51559356e+11 
 1.20000000e-01  2.20320923e-13  1.20000000e-01  1.47946989e+11 
 1.21000000e-01  2.27138791e-13  1.21000000e-01  1.43538384e+11 
 1.22000000e-01  2.34254478e-13  1.22000000e-01  1.38907887e+11 
 1.23000000e-01  2.41536821e-13  1.23000000e-01  1.34549481e+11 
 1.24000000e-01  2.49118898e-13  1.24000000e-01  1.30726982e+11 
 1.25000000e-01  2.56835882e-13  1.25000000e-01  1.26333065e+11 
 1.26000000e-01  2.64950066e-13  1.26000000e-01  1.22999934e+11 
 1.27000000e-01  2.73096053e-13  1.27000000e-01  1.19183695e+11 
 1.28000000e-01  2.81730885e-13  1.28000000e-01  1.15632180e+11 
 1.29000000e-01  2.90392276e-13  1.29000000e-01  1.12780422e+11 
 1.30000000e-01  2.99464459e-13  1.30000000e-01  1.08564065e+11 
 1.31000000e-01  3.08814579e-13  1.31000000e-01  1.04702127e+11 
 1.32000000e-01  3.18566268e-13  1.32000000e-01  1.01691166e+11 
 1.33000000e-01  3.28481970e-13  1.33000000e-01  9.95842271e+10 
 1.34000000e-01  3.38649770e-13  1.34000000e-01  9.59454834e+10 
 1.35000000e-01  3.49327141e-13  1.35000000e-01  9.27836063e+10 
 1.36000000e-01  3.60205302e-13  1.36000000e-01  9.05323727e+10 
 1.37000000e-01  3.71418686e-13  1.37000000e-01  8.76458951e+10 
 1.38000000e-01  3.83024397e-13  1.38000000e-01  8.46436307e+10 
 1.39000000e-01  3.95047162e-13  1.39000000e-01  8.23325203e+10 
 1.40000000e-01  4.07316134e-13  1.40000000e-01  7.97992586e+10 
 1.41000000e-01  4.20110052e-13  1.41000000e-01  7.76652321e+10 
 1.42000000e-01  4.33067683e-13  1.42000000e-01  7.50880510e+10 
 1.43000000e-01  4.46745448e-13  1.43000000e-01  7.25465138e+10 
 1.44000000e-01  4.60636203e-13  1.44000000e-01  7.10356577e+10 
 1.45000000e-01  4.74900322e-13  1.45000000e-01  6.84397410e+10 
 1.46000000e-01  4.89858990e-13  1.46000000e-01  6.61143473e+10 
 1.47000000e-01  5.05150942e-13  1.47000000e-01  6.46300607e+10 
 1.48000000e-01  5.20804343e-13  1.48000000e-01  6.25631745e+10 
 1.49000000e-01  5.37118630e-13  1.49000000e-01  6.03467441e+10 
 1.50000000e-01  5.53946147e-13  1.50000000e-01  5.86737607e+10 
 1.51000000e-01  5.71205417e-13  1.51000000e-01  5.69441456e+10 
 1.52000000e-01  5.89068283e-13  1.52000000e-01  5.52393062e+10 
 1.53000000e-01  6.07411520e-13  1.53000000e-01  5.34999092e+10 
 1.54000000e-01  6.26451524e-13  1.54000000e-01  5.18174490e+10 
 1.55000000e-01  6.46008557e-13  1.55000000e-01  5.04038733e+10 
 1.56000000e-01  6.66131014e-13  1.56000000e-01  4.87187863e+10 
 1.57000000e-01  6.87060483e-13  1.57000000e-01  4.72359072e+10 
 1.58000000e-01  7.08471685e-13  1.58000000e-01  4.61081924e+10 
 1.59000000e-01  7.30436722e-13  1.59000000e-01  4.45010918e+10 
 1.60000000e-01  7.53414402e-13  1.60000000e-01  4.30026816e+10 
 1.61000000e-01  7.76945450e-13  1.61000000e-01  4.19209297e+10 
 1.62000000e-01  8.01123268e-13  1.62000000e-01  4.06269607e+10 
 1.63000000e-01  8.26173843e-13  1.63000000e-01  3.94255774e+10 
 1.64000000e-01  8.51851758e-13  1.64000000e-01  3.82333586e+10 
 1.65000000e-01  8.78484183e-13  1.65000000e-01  3.69291468e+10 
 1.66000000e-01  9.06009521e-13  1.66000000e-01  3.58189515e+10 
 1.67000000e-01  9.34320547e-13  1.67000000e-01  3.48072799e+10 
 1.68000000e-01  9.63468766e-13  1.68000000e-01  3.37514145e+10 
 1.69000000e-01  9.93577323e-13  1.69000000e-01  3.26361861e+10 
 1.70000000e-01  1.02475044e-12  1.70000000e-01  3.17148124e+10 
 1.71000000e-01  1.05663934e-12  1.71000000e-01  3.07809976e+10 
 1.72000000e-01  1.08972559e-12  1.72000000e-01  2.98127531e+10 
 1.73000000e-01  1.12372472e-12  1.73000000e-01  2.89556710e+10 
 1.74000000e-01  1.15879669e-12  1.74000000e-01  2.80394715e+10 
 1.75000000e-01  1.19505274e-12  1.75000000e-01  2.71730900e+10 
 1.76000000e-01  1.23239892e-12  1.76000000e-01  2.63893669e+10 
 1.77000000e-01  1.27084084e-12  1.77000000e-01  2.55758079e+10 
 1.78000000e-01  1.31059781e-12  1.78000000e-01  2.47844031e+10 
 1.79000000e-01  1.35153676e-12  1.79000000e-01  2.40790777e+10 
 1.80000000e-01  1.39365747e-12  1.80000000e-01  2.33340907e+10 
 1.81000000e-01  1.43724826e-12  1.81000000e-01  2.25760348e+10 
 1.82000000e-01  1.48224699e-12  1.82000000e-01  2.19113689e+10 
 1.83000000e-01  1.52852508e-12  1.83000000e-01  2.12630867e+10 
 1.84000000e-01  1.57630671e-12  1.84000000e-01  2.06337650e+10 
 1.85000000e-01  1.62545358e-12  1.85000000e-01  1.99686956e+10 
 1.86000000e-01  1.67646348e-12  1.86000000e-01  1.93854139e+10 
 1.87000000e-01  1.72862393e-12  1.87000000e-01  1.88184693e+10 
 1.88000000e-01  1.78274205e-12  1.88000000e-01  1.81971370e+10 
 1.89000000e-01  1.83853133e-12  1.89000000e-01  1.76638561e+10 
 1.90000000e-01  1.89596761e-12  1.90000000e-01  1.71540676e+10 
 1.91000000e-01  1.95512176e-12  1.91000000e-01  1.66123108e+10 
 1.92000000e-01  2.01636025e-12  1.92000000e-01  1.61099186e+10 
 1.93000000e-01  2.07926888e-12  1.93000000e-01  1.56200786e+10 
 1.94000000e-01  2.14440058e-12  1.94000000e-01  1.51431043e+10 
 1.95000000e-01  2.21134219e-12  1.95000000e-01  1.46973449e+10 
 1.96000000e-01  2.28047958e-12  1.96000000e-01  1.42493752e+10 
 1.97000000e-01  2.35169922e-12  1.97000000e-01  1.38247959e+10 
 1.98000000e-01  2.42514718e-12  1.98000000e-01  1.33924272e+10 
 1.99000000e-01  2.50103735e-12  1.99000000e-01  1.29782112e+10 
 2.00000000e-01  2.57925162e-12  2.00000000e-01  1.26048347e+10 
 2.01000000e-01  2.65970663e-12  2.01000000e-01  1.22160704e+10 
 2.02000000e-01  2.74297039e-12  2.02000000e-01  1.18394007e+10 
 2.03000000e-01  2.82863410e-12  2.03000000e-01  1.14895003e+10 
 2.04000000e-01  2.91704236e-12  2.04000000e-01  1.11317811e+10 
 2.05000000e-01  3.00829986e-12  2.05000000e-01  1.07922537e+10 
 2.06000000e-01  3.10236047e-12  2.06000000e-01  1.04736611e+10 
 2.07000000e-01  3.19925506e-12  2.07000000e-01  1.01569073e+10 
 2.08000000e-01  3.29927080e-12  2.08000000e-01  9.84140557e+09 
 2.09000000e-01  3.40247806e-12  2.09000000e-01  9.54511575e+09 
 2.10000000e-01  3.50880205e-12  2.10000000e-01  9.25488838e+09 
 2.11000000e-01  3.61858008e-12  2.11000000e-01  8.97775273e+09 
 2.12000000e-01  3.73157495e-12  2.12000000e-01  8.71050561e+09 
 2.13000000e-01  3.84818787e-12  2.13000000e-01  8.44200015e+09 
 2.14000000e-01  3.96848563e-12  2.14000000e-01  8.18726453e+09 
 2.15000000e-01  4.09246971e-12  2.15000000e-01  7.93425796e+09 
 2.16000000e-01  4.22055709e-12  2.16000000e-01  7.69152363e+09 
 2.17000000e-01  4.35249621e-12  2.17000000e-01  7.46225038e+09 
 2.18000000e-01  4.48857275e-12  2.18000000e-01  7.23841985e+09 
 2.19000000e-01  4.62879961e-12  2.19000000e-01  7.01887087e+09 
 2.20000000e-01  4.77351887e-12  2.20000000e-01  6.80399967e+09 
 2.21000000e-01  4.92274436e-12  2.21000000e-01  6.59661804e+09 
 2.22000000e-01  5.07670453e-12  2.22000000e-01  6.39660156e+09 
 2.23000000e-01  5.23541039e-12  2.23000000e-01  6.20474108e+09 
 2.24000000e-01  5.39903869e-12  2.24000000e-01  6.01801140e+09 
 2.25000000e-01  5.56774608e-12  2.25000000e-01  5.83392001e+09 
 2.26000000e-01  5.74186135e-12  2.26000000e-01  5.65800442e+09 
 2.27000000e-01  5.92122760e-12  2.27000000e-01  5.48528296e+09 
 2.28000000e-01  6.10647336e-12  2.28000000e-01  5.31743960e+09 
 2.29000000e-01  6.29734847e-12  2.29000000e-01  5.15776818e+09 
 2.30000000e-01  6.49423797e-12  2.30000000e-01  4.99961776e+09 
 2.31000000e-01  6.69737905e-12  2.31000000e-01  4.84877961e+09 
 2.32000000e-01  6.90671290e-12  2.32000000e-01  4.70159215e+09 
 2.33000000e-01  7.12276687e-12  2.33000000e-01  4.55801882e+09 
 2.34000000e-01  7.34550003e-12  2.34000000e-01  4.42221358e+09 
 2.35000000e-01  7.57502906e-12  2.35000000e-01  4.28756320e+09 
 2.36000000e-01  7.81196545e-12  2.36000000e-01  4.15747012e+09 
 2.37000000e-01  8.05609084e-12  2.37000000e-01  4.03117167e+09 
 2.38000000e-01  8.30809913e-12  2.38000000e-01  3.90786258e+09 
 2.39000000e-01  8.56787956e-12  2.39000000e-01  3.79039417e+09 
 2.40000000e-01  8.83574874e-12  2.40000000e-01  3.67659620e+09 
 2.41000000e-01  9.11186098e-12  2.41000000e-01  3.56393188e+09 
 2.42000000e-01  9.39692669e-12  2.42000000e-01  3.45562895e+09 
 2.43000000e-01  9.69062682e-12  2.43000000e-01  3.35175765e+09 
 2.44000000e-01  9.99362854e-12  2.44000000e-01  3.24980644e+09 
 2.45000000e-01  1.03060481e-11  2.45000000e-01  3.15032167e+09 
 2.46000000e-01  1.06284843e-11  2.46000000e-01  3.05526896e+09 
 2.47000000e-01  1.09606549e-11  2.47000000e-01  2.96329828e+09 
 2.48000000e-01  1.13034080e-11  2.48000000e-01  2.87281008e+09 
 2.49000000e-01  1.16568374e-11  2.49000000e-01  2.78580397e+09 
 2.50000000e-01  1.20213336e-11  2.50000000e-01  2.70147837e+09 
 2.51000000e-01  1.23971728e-11  2.51000000e-01  2.61974697e+09 
 2.52000000e-01  1.27847661e-11  2.52000000e-01  2.53995393e+09 
 2.53000000e-01  1.31845886e-11  2.53000000e-01  2.46309793e+09 
 2.54000000e-01  1.35967517e-11  2.54000000e-01  2.38819361e+09 
 2.55000000e-01  1.40220417e-11  2.55000000e-01  2.31577782e+09 
 2.56000000e-01  1.44603924e-11  2.56000000e-01  2.24575575e+09 
 2.57000000e-01  1.49126105e-11  2.57000000e-01  2.17753726e+09 
 2.58000000e-01  1.53788612e-11  2.58000000e-01  2.11183404e+09 
 2.59000000e-01  1.58596546e-11  2.59000000e-01  2.04732311e+09 
 2.60000000e-01  1.63557465e-11  2.60000000e-01  1.98523612e+09 
 2.61000000e-01  1.68670914e-11  2.61000000e-01  1.92536877e+09 
 2.62000000e-01  1.73945086e-11  2.62000000e-01  1.86656328e+09 
 2.63000000e-01  1.79385793e-11  2.63000000e-01  1.81014191e+09 
 2.64000000e-01  1.84993943e-11  2.64000000e-01  1.75561445e+09 
 2.65000000e-01  1.90777816e-11  2.65000000e-01  1.70229337e+09 
 2.66000000e-01  1.96742799e-11  2.66000000e-01  1.65056409e+09 
 2.67000000e-01  2.02894886e-11  2.67000000e-01  1.60050793e+09 
 2.68000000e-01  2.09238832e-11  2.68000000e-01  1.55185400e+09 
 2.69000000e-01  2.15782696e-11  2.69000000e-01  1.50479183e+09 
 2.70000000e-01  2.22529707e-11  2.70000000e-01  1.45931436e+09 
 2.71000000e-01  2.29487763e-11  2.71000000e-01  1.41496722e+09 
 2.72000000e-01  2.36664310e-11  2.72000000e-01  1.37193525e+09 
 2.73000000e-01  2.44065710e-11  2.73000000e-01  1.33050741e+09 
 2.74000000e-01  2.51696170e-11  2.74000000e-01  1.29028847e+09 
 2.75000000e-01  2.59566120e-11  2.75000000e-01  1.25095142e+09 
 2.76000000e-01  2.67684001e-11  2.76000000e-01  1.21297308e+09 
 2.77000000e-01  2.76054532e-11  2.77000000e-01  1.17626723e+09 
 2.78000000e-01  2.84686940e-11  2.78000000e-01  1.14064525e+09 
 2.79000000e-01  2.93588467e-11  2.79000000e-01  1.10602064e+09 
 2.80000000e-01  3.02769785e-11  2.80000000e-01  1.07245033e+09 
 2.81000000e-01  3.12237350e-11  2.81000000e-01  1.03995374e+09 
 2.82000000e-01  3.22001410e-11  2.82000000e-01  1.00841753e+09 
 2.83000000e-01  3.32070404e-11  2.83000000e-01  9.77886172e+08 
 2.84000000e-01  3.42453688e-11  2.84000000e-01  9.48257770e+08 
 2.85000000e-01  3.53161716e-11  2.85000000e-01  9.19413780e+08 
 2.86000000e-01  3.64206679e-11  2.86000000e-01  8.91516629e+08 
 2.87000000e-01  3.75595397e-11  2.87000000e-01  8.64512124e+08 
 2.88000000e-01  3.87341115e-11  2.88000000e-01  8.38351551e+08 
 2.89000000e-01  3.99451738e-11  2.89000000e-01  8.12918009e+08 
 2.90000000e-01  4.11943842e-11  2.90000000e-01  7.88211858e+08 
 2.91000000e-01  4.24825626e-11  2.91000000e-01  7.64330557e+08 
 2.92000000e-01  4.38110531e-11  2.92000000e-01  7.41142112e+08 
 2.93000000e-01  4.51811004e-11  2.93000000e-01  7.18694800e+08 
 2.94000000e-01  4.65938755e-11  2.94000000e-01  6.96897091e+08 
 2.95000000e-01  4.80509646e-11  2.95000000e-01  6.75755431e+08 
 2.96000000e-01  4.95535261e-11  2.96000000e-01  6.55258452e+08 
 2.97000000e-01  5.11031954e-11  2.97000000e-01  6.35402812e+08 
 2.98000000e-01  5.27011358e-11  2.98000000e-01  6.16154676e+08 
 2.99000000e-01  5.43491336e-11  2.99000000e-01  5.97434476e+08 
 3.00000000e-01  5.60487832e-11  3.00000000e-01  5.79303777e+08 
 3.01000000e-01  5.78015537e-11  3.01000000e-01  5.61753215e+08 
 3.02000000e-01  5.96090655e-11  3.02000000e-01  5.44720817e+08 
 3.03000000e-01  6.14731592e-11  3.03000000e-01  5.28205484e+08 
 3.04000000e-01  6.33954707e-11  3.04000000e-01  5.12189721e+08 
 3.05000000e-01  6.53779623e-11  3.05000000e-01  4.96659747e+08 
 3.06000000e-01  6.74223724e-11  3.06000000e-01  4.81607175e+08 
 3.07000000e-01  6.95307244e-11  3.07000000e-01  4.66990584e+08 
 3.08000000e-01  7.17051140e-11  3.08000000e-01  4.52809475e+08 
 3.09000000e-01  7.39475931e-11  3.09000000e-01  4.39100980e+08 
 3.10000000e-01  7.62598750e-11  3.10000000e-01  4.25797644e+08 
 3.11000000e-01  7.86446599e-11  3.11000000e-01  4.12865065e+08 
 3.12000000e-01  8.11040727e-11  3.12000000e-01  4.00358084e+08 
 3.13000000e-01  8.36401879e-11  3.13000000e-01  3.88218717e+08 
 3.14000000e-01  8.62558078e-11  3.14000000e-01  3.76426003e+08 
 3.15000000e-01  8.89533171e-11  3.15000000e-01  3.65023281e+08 
 3.16000000e-01  9.17349104e-11  3.16000000e-01  3.53962222e+08 
 3.17000000e-01  9.46036376e-11  3.17000000e-01  3.43212108e+08 
 3.18000000e-01  9.75622106e-11  3.18000000e-01  3.32807934e+08 
 3.19000000e-01  1.00613110e-10  3.19000000e-01  3.22726395e+08 
 3.20000000e-01  1.03759411e-10  3.20000000e-01  3.12941009e+08 
 3.21000000e-01  1.07004091e-10  3.21000000e-01  3.03447818e+08 
 3.22000000e-01  1.10350330e-10  3.22000000e-01  2.94239314e+08 
 3.23000000e-01  1.13801279e-10  3.23000000e-01  2.85317236e+08 
 3.24000000e-01  1.17360071e-10  3.24000000e-01  2.76674009e+08 
 3.25000000e-01  1.21030003e-10  3.25000000e-01  2.68281224e+08 
 3.26000000e-01  1.24814935e-10  3.26000000e-01  2.60138945e+08 
 3.27000000e-01  1.28718202e-10  3.27000000e-01  2.52257811e+08 
 3.28000000e-01  1.32743331e-10  3.28000000e-01  2.44606990e+08 
 3.29000000e-01  1.36894583e-10  3.29000000e-01  2.37182770e+08 
 3.30000000e-01  1.41175647e-10  3.30000000e-01  2.29998295e+08 
 3.31000000e-01  1.45590300e-10  3.31000000e-01  2.23026017e+08 
 3.32000000e-01  1.50143211e-10  3.32000000e-01  2.16254959e+08 
 3.33000000e-01  1.54838642e-10  3.33000000e-01  2.09697974e+08 
 3.34000000e-01  1.59680737e-10  3.34000000e-01  2.03342323e+08 
 3.35000000e-01  1.64674273e-10  3.35000000e-01  1.97176334e+08 
 3.36000000e-01  1.69823942e-10  3.36000000e-01  1.91194944e+08 
 3.37000000e-01  1.75134801e-10  3.37000000e-01  1.85399766e+08 
 3.38000000e-01  1.80611443e-10  3.38000000e-01  1.79776725e+08 
 3.39000000e-01  1.86259711e-10  3.39000000e-01  1.74319900e+08 
 3.40000000e-01  1.92084602e-10  3.40000000e-01  1.69036923e+08 
 3.41000000e-01  1.98091446e-10  3.41000000e-01  1.63913285e+08 
 3.42000000e-01  2.04286176e-10  3.42000000e-01  1.58940644e+08 
 3.43000000e-01  2.10674760e-10  3.43000000e-01  1.54120718e+08 
 3.44000000e-01  2.17263016e-10  3.44000000e-01  1.49449720e+08 
 3.45000000e-01  2.24057187e-10  3.45000000e-01  1.44917325e+08 
 3.46000000e-01  2.31063989e-10  3.46000000e-01  1.40520017e+08 
 3.47000000e-01  2.38290035e-10  3.47000000e-01  1.36258706e+08 
 3.48000000e-01  2.45741950e-10  3.48000000e-01  1.32128294e+08 
 3.49000000e-01  2.53426838e-10  3.49000000e-01  1.28121852e+08 
 3.50000000e-01  2.61352089e-10  3.50000000e-01  1.24235723e+08 
 3.51000000e-01  2.69525267e-10  3.51000000e-01  1.20469031e+08 
 3.52000000e-01  2.77953866e-10  3.52000000e-01  1.16815632e+08 
 3.53000000e-01  2.86646264e-10  3.53000000e-01  1.13272403e+08 
 3.54000000e-01  2.95610418e-10  3.54000000e-01  1.09839091e+08 
 3.55000000e-01  3.04854717e-10  3.55000000e-01  1.06507377e+08 
 3.56000000e-01  3.14388460e-10  3.56000000e-01  1.03276989e+08 
 3.57000000e-01  3.24220115e-10  3.57000000e-01  1.00146529e+08 
 3.58000000e-01  3.34359197e-10  3.58000000e-01  9.71094383e+07 
 3.59000000e-01  3.44815436e-10  3.59000000e-01  9.41642772e+07 
 3.60000000e-01  3.55598674e-10  3.60000000e-01  9.13083019e+07 
 3.61000000e-01  3.66719249e-10  3.61000000e-01  8.85392229e+07 
 3.62000000e-01  3.78187533e-10  3.62000000e-01  8.58547273e+07 
 3.63000000e-01  3.90014413e-10  3.63000000e-01  8.32514307e+07 
 3.64000000e-01  4.02211144e-10  3.64000000e-01  8.07270462e+07 
 3.65000000e-01  4.14789258e-10  3.65000000e-01  7.82787008e+07 
 3.66000000e-01  4.27760878e-10  3.66000000e-01  7.59049924e+07 
 3.67000000e-01  4.41137986e-10  3.67000000e-01  7.36032472e+07 
 3.68000000e-01  4.54933592e-10  3.68000000e-01  7.13710091e+07 
 3.69000000e-01  4.69160568e-10  3.69000000e-01  6.92066905e+07 
 3.70000000e-01  4.83832532e-10  3.70000000e-01  6.71081312e+07 
 3.71000000e-01  4.98963216e-10  3.71000000e-01  6.50732785e+07 
 3.72000000e-01  5.14567114e-10  3.72000000e-01  6.30996945e+07 
 3.73000000e-01  5.30659091e-10  3.73000000e-01  6.11864403e+07 
 3.74000000e-01  5.47254095e-10  3.74000000e-01  5.93311627e+07 
 3.75000000e-01  5.64368189e-10  3.75000000e-01  5.75318764e+07 
 3.76000000e-01  5.82017432e-10  3.76000000e-01  5.57869407e+07 
 3.77000000e-01  6.00218873e-10  3.77000000e-01  5.40954920e+07 
 3.78000000e-01  6.18989089e-10  3.78000000e-01  5.24549718e+07 
 3.79000000e-01  6.38346813e-10  3.79000000e-01  5.08640481e+07 
 3.80000000e-01  6.58309593e-10  3.80000000e-01  4.93219173e+07 
 3.81000000e-01  6.78896737e-10  3.81000000e-01  4.78260904e+07 
 3.82000000e-01  7.00127772e-10  3.82000000e-01  4.63757522e+07 
 3.83000000e-01  7.22022722e-10  3.83000000e-01  4.49695193e+07 
 3.84000000e-01  7.44602341e-10  3.84000000e-01  4.36058215e+07 
 3.85000000e-01  7.67888158e-10  3.85000000e-01  4.22834848e+07 
 3.86000000e-01  7.91902132e-10  3.86000000e-01  4.10011720e+07 
 3.87000000e-01  8.16667251e-10  3.87000000e-01  3.97578947e+07 
 3.88000000e-01  8.42206607e-10  3.88000000e-01  3.85523385e+07 
 3.89000000e-01  8.68544779e-10  3.89000000e-01  3.73830888e+07 
 3.90000000e-01  8.95706734e-10  3.90000000e-01  3.62495059e+07 
 3.91000000e-01  9.23717944e-10  3.91000000e-01  3.51503717e+07 
 3.92000000e-01  9.52605136e-10  3.92000000e-01  3.40842449e+07 
 3.93000000e-01  9.82396082e-10  3.93000000e-01  3.30507042e+07 
 3.94000000e-01  1.01311822e-09  3.94000000e-01  3.20486403e+07 
 3.95000000e-01  1.04480123e-09  3.95000000e-01  3.10765904e+07 
 3.96000000e-01  1.07747534e-09  3.96000000e-01  3.01342029e+07 
 3.97000000e-01  1.11117099e-09  3.97000000e-01  2.92203961e+07 
 3.98000000e-01  1.14592069e-09  3.98000000e-01  2.83342395e+07 
 3.99000000e-01  1.18175697e-09  3.99000000e-01  2.74750920e+07 
 4.00000000e-01  1.21871389e-09  4.00000000e-01  2.66419161e+07 
 4.01000000e-01  1.25682665e-09  4.01000000e-01  2.58340400e+07 
 4.02000000e-01  1.29613113e-09  4.02000000e-01  2.50506210e+07 
 4.03000000e-01  1.33666499e-09  4.03000000e-01  2.42908681e+07 
 4.04000000e-01  1.37846660e-09  4.04000000e-01  2.35543108e+07 
 4.05000000e-01  1.42157513e-09  4.05000000e-01  2.28400815e+07 
 4.06000000e-01  1.46603196e-09  4.06000000e-01  2.21474133e+07 
 4.07000000e-01  1.51187913e-09  4.07000000e-01  2.14757808e+07 
 4.08000000e-01  1.55916012e-09  4.08000000e-01  2.08245511e+07 
 4.09000000e-01  1.60791962e-09  4.09000000e-01  2.01930346e+07 
 4.10000000e-01  1.65820417e-09  4.10000000e-01  1.95806803e+07 
 4.11000000e-01  1.71006112e-09  4.11000000e-01  1.89869149e+07 
 4.12000000e-01  1.76353988e-09  4.12000000e-01  1.84111240e+07 
 4.13000000e-01  1.81869109e-09  4.13000000e-01  1.78528333e+07 
 4.14000000e-01  1.87556691e-09  4.14000000e-01  1.73114645e+07 
 4.15000000e-01  1.93422147e-09  4.15000000e-01  1.67864788e+07 
 4.16000000e-01  1.99471042e-09  4.16000000e-01  1.62774240e+07 
 4.17000000e-01  2.05709103e-09  4.17000000e-01  1.57838028e+07 
 4.18000000e-01  2.12142260e-09  4.18000000e-01  1.53051737e+07 
 4.19000000e-01  2.18776580e-09  4.19000000e-01  1.48410673e+07 
 4.20000000e-01  2.25618379e-09  4.20000000e-01  1.43909827e+07 
 4.21000000e-01  2.32674172e-09  4.21000000e-01  1.39545828e+07 
 4.22000000e-01  2.39950589e-09  4.22000000e-01  1.35314303e+07 
 4.23000000e-01  2.47454575e-09  4.23000000e-01  1.31210803e+07 
 4.24000000e-01  2.55193236e-09  4.24000000e-01  1.27231980e+07 
 4.25000000e-01  2.63173894e-09  4.25000000e-01  1.23373528e+07 
 4.26000000e-01  2.71404169e-09  4.26000000e-01  1.19632242e+07 
 4.27000000e-01  2.79891795e-09  4.27000000e-01  1.16004582e+07 
 4.28000000e-01  2.88644867e-09  4.28000000e-01  1.12486624e+07 
 4.29000000e-01  2.97671686e-09  4.29000000e-01  1.09075492e+07 
 4.30000000e-01  3.06980792e-09  4.30000000e-01  1.05767861e+07 
 4.31000000e-01  3.16581022e-09  4.31000000e-01  1.02560454e+07 
 4.32000000e-01  3.26481486e-09  4.32000000e-01  9.94503137e+06 
 4.33000000e-01  3.36691567e-09  4.33000000e-01  9.64344659e+06 
 4.34000000e-01  3.47220959e-09  4.34000000e-01  9.35101571e+06 
 4.35000000e-01  3.58079618e-09  4.35000000e-01  9.06745266e+06 
 4.36000000e-01  3.69277870e-09  4.36000000e-01  8.79248065e+06 
 4.37000000e-01  3.80826327e-09  4.37000000e-01  8.52584207e+06 
 4.38000000e-01  3.92735964e-09  4.38000000e-01  8.26729748e+06 
 4.39000000e-01  4.05018030e-09  4.39000000e-01  8.01660224e+06 
 4.40000000e-01  4.17684189e-09  4.40000000e-01  7.77349844e+06 
 4.41000000e-01  4.30746471e-09  4.41000000e-01  7.53776675e+06 
 4.42000000e-01  4.44217247e-09  4.42000000e-01  7.30918782e+06 
 4.43000000e-01  4.58109292e-09  4.43000000e-01  7.08753773e+06 
 4.44000000e-01  4.72435791e-09  4.44000000e-01  6.87260803e+06 
 4.45000000e-01  4.87210326e-09  4.45000000e-01  6.66419852e+06 
 4.46000000e-01  5.02446902e-09  4.46000000e-01  6.46210896e+06 
 4.47000000e-01  5.18159975e-09  4.47000000e-01  6.26614344e+06 
 4.48000000e-01  5.34364461e-09  4.48000000e-01  6.07612624e+06 
 4.49000000e-01  5.51075683e-09  4.49000000e-01  5.89187163e+06 
 4.50000000e-01  5.68309532e-09  4.50000000e-01  5.71319926e+06 
 4.51000000e-01  5.86082339e-09  4.51000000e-01  5.53994891e+06 
 4.52000000e-01  6.04410948e-09  4.52000000e-01  5.37195261e+06 
 4.53000000e-01  6.23312749e-09  4.53000000e-01  5.20904908e+06 
 4.54000000e-01  6.42805671e-09  4.54000000e-01  5.05108524e+06 
 4.55000000e-01  6.62908201e-09  4.55000000e-01  4.89791330e+06 
 4.56000000e-01  6.83639387e-09  4.56000000e-01  4.74938434e+06 
 4.57000000e-01  7.05018922e-09  4.57000000e-01  4.60536124e+06 
 4.58000000e-01  7.27067034e-09  4.58000000e-01  4.46570596e+06 
 4.59000000e-01  7.49804674e-09  4.59000000e-01  4.33028405e+06 
 4.60000000e-01  7.73253380e-09  4.60000000e-01  4.19897029e+06 
 4.61000000e-01  7.97435399e-09  4.61000000e-01  4.07163854e+06 
 4.62000000e-01  8.22373654e-09  4.62000000e-01  3.94816766e+06 
 4.63000000e-01  8.48091809e-09  4.63000000e-01  3.82844087e+06 
 4.64000000e-01  8.74614241e-09  4.64000000e-01  3.71234464e+06 
 4.65000000e-01  9.01966118e-09  4.65000000e-01  3.59976834e+06 
 4.66000000e-01  9.30173372e-09  4.66000000e-01  3.49060742e+06 
 4.67000000e-01  9.59262736e-09  4.67000000e-01  3.38475686e+06 
 4.68000000e-01  9.89261812e-09  4.68000000e-01  3.28211438e+06 
 4.69000000e-01  1.02019906e-08  4.69000000e-01  3.18258613e+06 
 4.70000000e-01  1.05210379e-08  4.70000000e-01  3.08607669e+06 
 4.71000000e-01  1.08500627e-08  4.71000000e-01  2.99249216e+06 
 4.72000000e-01  1.11893771e-08  4.72000000e-01  2.90174601e+06 
 4.73000000e-01  1.15393029e-08  4.73000000e-01  2.81375251e+06 
 4.74000000e-01  1.19001717e-08  4.74000000e-01  2.72842743e+06 
 4.75000000e-01  1.22723259e-08  4.75000000e-01  2.64568914e+06 
 4.76000000e-01  1.26561184e-08  4.76000000e-01  2.56545960e+06 
 4.77000000e-01  1.30519133e-08  4.77000000e-01  2.48766335e+06 
 4.78000000e-01  1.34600857e-08  4.78000000e-01  2.41222678e+06 
 4.79000000e-01  1.38810227e-08  4.79000000e-01  2.33907750e+06 
 4.80000000e-01  1.43151236e-08  4.80000000e-01  2.26814686e+06 
 4.81000000e-01  1.47627998e-08  4.81000000e-01  2.19936687e+06 
 4.82000000e-01  1.52244763e-08  4.82000000e-01  2.13267214e+06 
 4.83000000e-01  1.57005905e-08  4.83000000e-01  2.06800052e+06 
 4.84000000e-01  1.61915940e-08  4.84000000e-01  2.00528997e+06 
 4.85000000e-01  1.66979525e-08  4.85000000e-01  1.94448108e+06 
 4.86000000e-01  1.72201461e-08  4.86000000e-01  1.88551600e+06 
 4.87000000e-01  1.77586701e-08  4.87000000e-01  1.82833899e+06 
 4.88000000e-01  1.83140351e-08  4.88000000e-01  1.77289631e+06 
 4.89000000e-01  1.88867676e-08  4.89000000e-01  1.71913469e+06 
 4.90000000e-01  1.94774111e-08  4.90000000e-01  1.66700350e+06 
 4.91000000e-01  2.00865252e-08  4.91000000e-01  1.61645317e+06 
 4.92000000e-01  2.07146879e-08  4.92000000e-01  1.56743565e+06 
 4.93000000e-01  2.13624946e-08  4.93000000e-01  1.51990456e+06 
 4.94000000e-01  2.20305600e-08  4.94000000e-01  1.47381491e+06 
 4.95000000e-01  2.27195171e-08  4.95000000e-01  1.42912302e+06 
 4.96000000e-01  2.34300196e-08  4.96000000e-01  1.38578613e+06 
 4.97000000e-01  2.41627412e-08  4.97000000e-01  1.34376372e+06 
 4.98000000e-01  2.49183765e-08  4.98000000e-01  1.30301559e+06 
 4.99000000e-01  2.56976423e-08  4.99000000e-01  1.26350290e+06 
 5.00000000e-01  2.65012775e-08  5.00000000e-01  1.22576069e+06 
